1001 1 1 £¤
2001 1 1 £¤£½
3001 1 1 £¤£¾
4001 1 1 £¤£¿
5001 1 1 £¤£»
1002 2 1 £¥
2002 2 1 £¥£½
3002 2 1 £¥£¾
4002 2 1 £¥£¿
5002 2 1 £¥£»
1003 3 1 £¦
2003 3 1 £¦£½
3003 3 1 £¦£¾
4003 3 1 £¦£¿
5003 3 1 £¦£»
1004 4 1 £§
2004 4 1 £§£½
3004 4 1 £§£¾
4004 4 1 £§£¿
5004 4 1 £§£»
1005 5 1 £¨
2005 5 1 £¨£½
3005 5 1 £¨£¾
4005 5 1 £¨£¿
5005 5 1 £¨£»
1006 6 1 £©
2006 6 1 £©£½
3006 6 1 £©£¾
4006 6 1 £©£¿
5006 6 1 £©£»
1007 7 1 £ª
2007 7 1 £ª£½
3007 7 1 £ª£¾
4007 7 1 £ª£¿
5007 7 1 £ª£»
1008 8 2 £«
2008 8 2 £«£½
3008 8 2 £«£¾
4008 8 2 £«£¿
5008 8 2 £«£»
1009 9 2 £¤£«
2009 9 2 £¤£«£½
3009 9 2 £¤£«£¾
4009 9 2 £¤£«£¿
5009 9 2 £¤£«£»
1010 10 2 £¥£«
2010 10 2 £¥£«£½
3010 10 2 £¥£«£¾
4010 10 2 £¥£«£¿
5010 10 2 £¥£«£»
1011 11 2 £¦£«
2011 11 2 £¦£«£½
3011 11 2 £¦£«£¾
4011 11 2 £¦£«£¿
5011 11 2 £¦£«£»
1012 12 2 £¨£«
2012 12 2 £¨£«£½
3012 12 2 £¨£«£¾
4012 12 2 £¨£«£¿
5012 12 2 £¨£«£»
1013 13 2 £©£«
2013 13 2 £©£«£½
3013 13 2 £©£«£¾
4013 13 2 £©£«£¿
5013 13 2 £©£«£»
1014 14 2 £ª£«
2014 14 2 £ª£«£½
3014 14 2 £ª£«£¾
4014 14 2 £ª£«£¿
5014 14 2 £ª£«£»
1015 15 2 £|£«
2015 15 2 £|£«£½
3015 15 2 £|£«£¾
4015 15 2 £|£«£¿
5015 15 2 £|£«£»
1016 16 2 £}£«
2016 16 2 £}£«£½
3016 16 2 £}£«£¾
4016 16 2 £}£«£¿
5016 16 2 £}£«£»
1017 17 2 £~£«
2017 17 2 £~£«£½
3017 17 2 £~£«£¾
4017 17 2 £~£«£¿
5017 17 2 £~£«£»
1018 18 2 £x£«
2018 18 2 £x£«£½
3018 18 2 £x£«£¾
4018 18 2 £x£«£¿
5018 18 2 £x£«£»
1019 19 2 £y£«
2019 19 2 £y£«£½
3019 19 2 £y£«£¾
4019 19 2 £y£«£¿
5019 19 2 £y£«£»
1020 20 2 £z£«
2020 20 2 £z£«£½
3020 20 2 £z£«£¾
4020 20 2 £z£«£¿
5020 20 2 £z£«£»
1021 21 2 £{£«
2021 21 2 £{£«£½
3021 21 2 £{£«£¾
4021 21 2 £{£«£¿
5021 21 2 £{£«£»
1022 22 2 £t£«
2022 22 2 £t£«£½
3022 22 2 £t£«£¾
4022 22 2 £t£«£¿
5022 22 2 £t£«£»
1023 23 2 £u£«
2023 23 2 £u£«£½
3023 23 2 £u£«£¾
4023 23 2 £u£«£¿
5023 23 2 £u£«£»
1024 24 2 £v£«
2024 24 2 £v£«£½
3024 24 2 £v£«£¾
4024 24 2 £v£«£¿
5024 24 2 £v£«£»
1025 25 2 £w£«
2025 25 2 £w£«£½
3025 25 2 £w£«£¾
4025 25 2 £w£«£¿
5025 25 2 £w£«£»
1026 26 3 £¬
2026 26 3 £¬£½
3026 26 3 £¬£¾
4026 26 3 £¬£¿
5026 26 3 £¬£»
1027 27 4 £­
2027 27 4 £­£½
3027 27 4 £­£¾
4027 27 4 £­£¿
5027 27 4 £­£»
1028 28 4 £¤£­
2028 28 4 £¤£­£½
3028 28 4 £¤£­£¾
4028 28 4 £¤£­£¿
5028 28 4 £¤£­£»
1029 29 4 £¥£­
2029 29 4 £¥£­£½
3029 29 4 £¥£­£¾
4029 29 4 £¥£­£¿
5029 29 4 £¥£­£»
1030 30 4 £¦£­
2030 30 4 £¦£­£½
3030 30 4 £¦£­£¾
4030 30 4 £¦£­£¿
5030 30 4 £¦£­£»
1031 31 4 £§£­
2031 31 4 £§£­£½
3031 31 4 £§£­£¾
4031 31 4 £§£­£¿
5031 31 4 £§£­£»
1032 32 4 £¨£­
2032 32 4 £¨£­£½
3032 32 4 £¨£­£¾
4032 32 4 £¨£­£¿
5032 32 4 £¨£­£»
1033 33 4 £©£­
2033 33 4 £©£­£½
3033 33 4 £©£­£¾
4033 33 4 £©£­£¿
5033 33 4 £©£­£»
1034 34 4 £ª£­
2034 34 4 £ª£­£½
3034 34 4 £ª£­£¾
4034 34 4 £ª£­£¿
5034 34 4 £ª£­£»
1035 35 4 £|£­
2035 35 4 £|£­£½
3035 35 4 £|£­£¾
4035 35 4 £|£­£¿
5035 35 4 £|£­£»
1036 36 4 £}£­
2036 36 4 £}£­£½
3036 36 4 £}£­£¾
4036 36 4 £}£­£¿
5036 36 4 £}£­£»
1037 37 4 £~£­
2037 37 4 £~£­£½
3037 37 4 £~£­£¾
4037 37 4 £~£­£¿
5037 37 4 £~£­£»
1038 38 4 £x£­
2038 38 4 £x£­£½
3038 38 4 £x£­£¾
4038 38 4 £x£­£¿
5038 38 4 £x£­£»
1039 39 4 £y£­
2039 39 4 £y£­£½
3039 39 4 £y£­£¾
4039 39 4 £y£­£¿
5039 39 4 £y£­£»
1040 40 4 £z£­
2040 40 4 £z£­£½
3040 40 4 £z£­£¾
4040 40 4 £z£­£¿
5040 40 4 £z£­£»
1041 41 4 £{£­
2041 41 4 £{£­£½
3041 41 4 £{£­£¾
4041 41 4 £{£­£¿
5041 41 4 £{£­£»
1042 8 5 £¯
2042 8 5 £¯£½
3042 8 5 £¯£¾
4042 8 5 £¯£¿
5042 8 5 £¯£»
1043 9 5 £¤£¯
2043 9 5 £¤£¯£½
3043 9 5 £¤£¯£¾
4043 9 5 £¤£¯£¿
5043 9 5 £¤£¯£»
1044 10 5 £¥£¯
2044 10 5 £¥£¯£½
3044 10 5 £¥£¯£¾
4044 10 5 £¥£¯£¿
5044 10 5 £¥£¯£»
1045 11 5 £¦£¯
2045 11 5 £¦£¯£½
3045 11 5 £¦£¯£¾
4045 11 5 £¦£¯£¿
5045 11 5 £¦£¯£»
1046 12 5 £¨£¯
2046 12 5 £¨£¯£½
3046 12 5 £¨£¯£¾
4046 12 5 £¨£¯£¿
5046 12 5 £¨£¯£»
1047 13 5 £©£¯
2047 13 5 £©£¯£½
3047 13 5 £©£¯£¾
4047 13 5 £©£¯£¿
5047 13 5 £©£¯£»
1048 14 5 £ª£¯
2048 14 5 £ª£¯£½
3048 14 5 £ª£¯£¾
4048 14 5 £ª£¯£¿
5048 14 5 £ª£¯£»
1049 15 5 £|£¯
2049 15 5 £|£¯£½
3049 15 5 £|£¯£¾
4049 15 5 £|£¯£¿
5049 15 5 £|£¯£»
1050 16 5 £}£¯
2050 16 5 £}£¯£½
3050 16 5 £}£¯£¾
4050 16 5 £}£¯£¿
5050 16 5 £}£¯£»
1051 17 5 £~£¯
2051 17 5 £~£¯£½
3051 17 5 £~£¯£¾
4051 17 5 £~£¯£¿
5051 17 5 £~£¯£»
1052 18 5 £x£¯
2052 18 5 £x£¯£½
3052 18 5 £x£¯£¾
4052 18 5 £x£¯£¿
5052 18 5 £x£¯£»
1053 19 5 £y£¯
2053 19 5 £y£¯£½
3053 19 5 £y£¯£¾
4053 19 5 £y£¯£¿
5053 19 5 £y£¯£»
1054 20 5 £z£¯
2054 20 5 £z£¯£½
3054 20 5 £z£¯£¾
4054 20 5 £z£¯£¿
5054 20 5 £z£¯£»
1055 21 5 £{£¯
2055 21 5 £{£¯£½
3055 21 5 £{£¯£¾
4055 21 5 £{£¯£¿
5055 21 5 £{£¯£»
1056 22 5 £t£¯
2056 22 5 £t£¯£½
3056 22 5 £t£¯£¾
4056 22 5 £t£¯£¿
5056 22 5 £t£¯£»
1057 23 5 £u£¯
2057 23 5 £u£¯£½
3057 23 5 £u£¯£¾
4057 23 5 £u£¯£¿
5057 23 5 £u£¯£»
1058 24 5 £v£¯
2058 24 5 £v£¯£½
3058 24 5 £v£¯£¾
4058 24 5 £v£¯£¿
5058 24 5 £v£¯£»
1059 27 6 £®
2059 27 6 £®£½
3059 27 6 £®£¾
4059 27 6 £®£¿
5059 27 6 £®£»
1060 27 7 £°
2060 27 7 £°£½
3060 27 7 £°£¾
4060 27 7 £°£¿
5060 27 7 £°£»
1061 28 7 £¤£°
2061 28 7 £¤£°£½
3061 28 7 £¤£°£¾
4061 28 7 £¤£°£¿
5061 28 7 £¤£°£»
1062 30 7 £¦£°
2062 30 7 £¦£°£½
3062 30 7 £¦£°£¾
4062 30 7 £¦£°£¿
5062 30 7 £¦£°£»
1063 32 7 £¨£°
2063 32 7 £¨£°£½
3063 32 7 £¨£°£¾
4063 32 7 £¨£°£¿
5063 32 7 £¨£°£»
1064 34 7 £ª£°
2064 34 7 £ª£°£½
3064 34 7 £ª£°£¾
4064 34 7 £ª£°£¿
5064 34 7 £ª£°£»
1065 35 7 £|£°
2065 35 7 £|£°£½
3065 35 7 £|£°£¾
4065 35 7 £|£°£¿
5065 35 7 £|£°£»
1066 37 7 £~£°
2066 37 7 £~£°£½
3066 37 7 £~£°£¾
4066 37 7 £~£°£¿
5066 37 7 £~£°£»
1067 38 7 £x£°
2067 38 7 £x£°£½
3067 38 7 £x£°£¾
4067 38 7 £x£°£¿
5067 38 7 £x£°£»
1068 40 7 £z£°
2068 40 7 £z£°£½
3068 40 7 £z£°£¾
4068 40 7 £z£°£¿
5068 40 7 £z£°£»
1069 41 7 £{£°
2069 41 7 £{£°£½
3069 41 7 £{£°£¾
4069 41 7 £{£°£¿
5069 41 7 £{£°£»
1070 42 7 £t£°
2070 42 7 £t£°£½
3070 42 7 £t£°£¾
4070 42 7 £t£°£¿
5070 42 7 £t£°£»
1071 43 7 £u£°
2071 43 7 £u£°£½
3071 43 7 £u£°£¾
4071 43 7 £u£°£¿
5071 43 7 £u£°£»
1072 44 7 £v£°
2072 44 7 £v£°£½
3072 44 7 £v£°£¾
4072 44 7 £v£°£¿
5072 44 7 £v£°£»
1073 45 7 £w£°
2073 45 7 £w£°£½
3073 45 7 £w£°£¾
4073 45 7 £w£°£¿
5073 45 7 £w£°£»
1074 8 8 £±
2074 8 8 £±£½
3074 8 8 £±£¾
4074 8 8 £±£¿
5074 8 8 £±£»
1075 9 8 £¤£±
2075 9 8 £¤£±£½
3075 9 8 £¤£±£¾
4075 9 8 £¤£±£¿
5075 9 8 £¤£±£»
1076 10 8 £¥£±
2076 10 8 £¥£±£½
3076 10 8 £¥£±£¾
4076 10 8 £¥£±£¿
5076 10 8 £¥£±£»
1077 11 8 £¦£±
2077 11 8 £¦£±£½
3077 11 8 £¦£±£¾
4077 11 8 £¦£±£¿
5077 11 8 £¦£±£»
1078 46 8 £§£±
2078 46 8 £§£±£½
3078 46 8 £§£±£¾
4078 46 8 £§£±£¿
5078 46 8 £§£±£»
1079 12 8 £¨£±
2079 12 8 £¨£±£½
3079 12 8 £¨£±£¾
4079 12 8 £¨£±£¿
5079 12 8 £¨£±£»
1080 13 8 £©£±
2080 13 8 £©£±£½
3080 13 8 £©£±£¾
4080 13 8 £©£±£¿
5080 13 8 £©£±£»
1081 14 8 £ª£±
2081 14 8 £ª£±£½
3081 14 8 £ª£±£¾
4081 14 8 £ª£±£¿
5081 14 8 £ª£±£»
1082 15 8 £|£±
2082 15 8 £|£±£½
3082 15 8 £|£±£¾
4082 15 8 £|£±£¿
5082 15 8 £|£±£»
1083 16 8 £}£±
2083 16 8 £}£±£½
3083 16 8 £}£±£¾
4083 16 8 £}£±£¿
5083 16 8 £}£±£»
1084 17 8 £~£±
2084 17 8 £~£±£½
3084 17 8 £~£±£¾
4084 17 8 £~£±£¿
5084 17 8 £~£±£»
1085 18 8 £x£±
2085 18 8 £x£±£½
3085 18 8 £x£±£¾
4085 18 8 £x£±£¿
5085 18 8 £x£±£»
1086 19 8 £y£±
2086 19 8 £y£±£½
3086 19 8 £y£±£¾
4086 19 8 £y£±£¿
5086 19 8 £y£±£»
1087 20 8 £z£±
2087 20 8 £z£±£½
3087 20 8 £z£±£¾
4087 20 8 £z£±£¿
5087 20 8 £z£±£»
1088 21 8 £{£±
2088 21 8 £{£±£½
3088 21 8 £{£±£¾
4088 21 8 £{£±£¿
5088 21 8 £{£±£»
1089 22 8 £t£±
2089 22 8 £t£±£½
3089 22 8 £t£±£¾
4089 22 8 £t£±£¿
5089 22 8 £t£±£»
1090 23 8 £u£±
2090 23 8 £u£±£½
3090 23 8 £u£±£¾
4090 23 8 £u£±£¿
5090 23 8 £u£±£»
1091 24 8 £v£±
2091 24 8 £v£±£½
3091 24 8 £v£±£¾
4091 24 8 £v£±£¿
5091 24 8 £v£±£»
1092 26 9 £²
2092 26 9 £²£½
3092 26 9 £²£¾
4092 26 9 £²£¿
5092 26 9 £²£»
1093 47 9 £¤£²
2093 47 9 £¤£²£½
3093 47 9 £¤£²£¾
4093 47 9 £¤£²£¿
5093 47 9 £¤£²£»
1094 48 9 £¥£²
2094 48 9 £¥£²£½
3094 48 9 £¥£²£¾
4094 48 9 £¥£²£¿
5094 48 9 £¥£²£»
1095 49 9 £¦£²
2095 49 9 £¦£²£½
3095 49 9 £¦£²£¾
4095 49 9 £¦£²£¿
5095 49 9 £¦£²£»
1096 50 9 £§£²
2096 50 9 £§£²£½
3096 50 9 £§£²£¾
4096 50 9 £§£²£¿
5096 50 9 £§£²£»
1097 51 9 £¨£²
2097 51 9 £¨£²£½
3097 51 9 £¨£²£¾
4097 51 9 £¨£²£¿
5097 51 9 £¨£²£»
1098 52 9 £©£²
2098 52 9 £©£²£½
3098 52 9 £©£²£¾
4098 52 9 £©£²£¿
5098 52 9 £©£²£»
1099 53 9 £ª£²
2099 53 9 £ª£²£½
3099 53 9 £ª£²£¾
4099 53 9 £ª£²£¿
5099 53 9 £ª£²£»
1100 54 9 £|£²
2100 54 9 £|£²£½
3100 54 9 £|£²£¾
4100 54 9 £|£²£¿
5100 54 9 £|£²£»
1101 55 9 £}£²
2101 55 9 £}£²£½
3101 55 9 £}£²£¾
4101 55 9 £}£²£¿
5101 55 9 £}£²£»
1102 56 9 £~£²
2102 56 9 £~£²£½
3102 56 9 £~£²£¾
4102 56 9 £~£²£¿
5102 56 9 £~£²£»
1103 57 9 £x£²
2103 57 9 £x£²£½
3103 57 9 £x£²£¾
4103 57 9 £x£²£¿
5103 57 9 £x£²£»
1104 58 9 £y£²
2104 58 9 £y£²£½
3104 58 9 £y£²£¾
4104 58 9 £y£²£¿
5104 58 9 £y£²£»
1105 59 9 £z£²
2105 59 9 £z£²£½
3105 59 9 £z£²£¾
4105 59 9 £z£²£¿
5105 59 9 £z£²£»
1106 60 9 £{£²
2106 60 9 £{£²£½
3106 60 9 £{£²£¾
4106 60 9 £{£²£¿
5106 60 9 £{£²£»
1107 61 9 £u£²
2107 61 9 £u£²£½
3107 61 9 £u£²£¾
4107 61 9 £u£²£¿
5107 61 9 £u£²£»
1108 62 9 £v£²
2108 62 9 £v£²£½
3108 62 9 £v£²£¾
4108 62 9 £v£²£¿
5108 62 9 £v£²£»
1109 63 9 £w£²
2109 63 9 £w£²£½
3109 63 9 £w£²£¾
4109 63 9 £w£²£¿
5109 63 9 £w£²£»
1110 8 10 £³
2110 8 10 £³£½
3110 8 10 £³£¾
4110 8 10 £³£¿
5110 8 10 £³£»
1111 9 10 £¤£³
2111 9 10 £¤£³£½
3111 9 10 £¤£³£¾
4111 9 10 £¤£³£¿
5111 9 10 £¤£³£»
1112 10 10 £¥£³
2112 10 10 £¥£³£½
3112 10 10 £¥£³£¾
4112 10 10 £¥£³£¿
5112 10 10 £¥£³£»
1113 11 10 £¦£³
2113 11 10 £¦£³£½
3113 11 10 £¦£³£¾
4113 11 10 £¦£³£¿
5113 11 10 £¦£³£»
1114 46 10 £§£³
2114 46 10 £§£³£½
3114 46 10 £§£³£¾
4114 46 10 £§£³£¿
5114 46 10 £§£³£»
1115 12 10 £¨£³
2115 12 10 £¨£³£½
3115 12 10 £¨£³£¾
4115 12 10 £¨£³£¿
5115 12 10 £¨£³£»
1116 13 10 £©£³
2116 13 10 £©£³£½
3116 13 10 £©£³£¾
4116 13 10 £©£³£¿
5116 13 10 £©£³£»
1117 14 10 £ª£³
2117 14 10 £ª£³£½
3117 14 10 £ª£³£¾
4117 14 10 £ª£³£¿
5117 14 10 £ª£³£»
1118 15 10 £|£³
2118 15 10 £|£³£½
3118 15 10 £|£³£¾
4118 15 10 £|£³£¿
5118 15 10 £|£³£»
1119 16 10 £}£³
2119 16 10 £}£³£½
3119 16 10 £}£³£¾
4119 16 10 £}£³£¿
5119 16 10 £}£³£»
1120 17 10 £~£³
2120 17 10 £~£³£½
3120 17 10 £~£³£¾
4120 17 10 £~£³£¿
5120 17 10 £~£³£»
1121 18 10 £x£³
2121 18 10 £x£³£½
3121 18 10 £x£³£¾
4121 18 10 £x£³£¿
5121 18 10 £x£³£»
1122 19 10 £y£³
2122 19 10 £y£³£½
3122 19 10 £y£³£¾
4122 19 10 £y£³£¿
5122 19 10 £y£³£»
1123 20 10 £z£³
2123 20 10 £z£³£½
3123 20 10 £z£³£¾
4123 20 10 £z£³£¿
5123 20 10 £z£³£»
1124 21 10 £{£³
2124 21 10 £{£³£½
3124 21 10 £{£³£¾
4124 21 10 £{£³£¿
5124 21 10 £{£³£»
1125 22 10 £t£³
2125 22 10 £t£³£½
3125 22 10 £t£³£¾
4125 22 10 £t£³£¿
5125 22 10 £t£³£»
1126 23 10 £u£³
2126 23 10 £u£³£½
3126 23 10 £u£³£¾
4126 23 10 £u£³£¿
5126 23 10 £u£³£»
1127 24 10 £v£³
2127 24 10 £v£³£½
3127 24 10 £v£³£¾
4127 24 10 £v£³£¿
5127 24 10 £v£³£»
1128 25 10 £w£³
2128 25 10 £w£³£½
3128 25 10 £w£³£¾
4128 25 10 £w£³£¿
5128 25 10 £w£³£»
1129 27 11 £´
2129 27 11 £´£½
3129 27 11 £´£¾
4129 27 11 £´£¿
5129 27 11 £´£»
1130 28 11 £¤£´
2130 28 11 £¤£´£½
3130 28 11 £¤£´£¾
4130 28 11 £¤£´£¿
5130 28 11 £¤£´£»
1131 29 11 £¥£´
2131 29 11 £¥£´£½
3131 29 11 £¥£´£¾
4131 29 11 £¥£´£¿
5131 29 11 £¥£´£»
1132 30 11 £¦£´
2132 30 11 £¦£´£½
3132 30 11 £¦£´£¾
4132 30 11 £¦£´£¿
5132 30 11 £¦£´£»
1133 31 11 £§£´
2133 31 11 £§£´£½
3133 31 11 £§£´£¾
4133 31 11 £§£´£¿
5133 31 11 £§£´£»
1134 32 11 £¨£´
2134 32 11 £¨£´£½
3134 32 11 £¨£´£¾
4134 32 11 £¨£´£¿
5134 32 11 £¨£´£»
1135 33 11 £©£´
2135 33 11 £©£´£½
3135 33 11 £©£´£¾
4135 33 11 £©£´£¿
5135 33 11 £©£´£»
1136 34 11 £ª£´
2136 34 11 £ª£´£½
3136 34 11 £ª£´£¾
4136 34 11 £ª£´£¿
5136 34 11 £ª£´£»
1137 35 11 £|£´
2137 35 11 £|£´£½
3137 35 11 £|£´£¾
4137 35 11 £|£´£¿
5137 35 11 £|£´£»
1138 36 11 £}£´
2138 36 11 £}£´£½
3138 36 11 £}£´£¾
4138 36 11 £}£´£¿
5138 36 11 £}£´£»
1139 37 11 £~£´
2139 37 11 £~£´£½
3139 37 11 £~£´£¾
4139 37 11 £~£´£¿
5139 37 11 £~£´£»
1140 40 11 £z£´
2140 40 11 £z£´£½
3140 40 11 £z£´£¾
4140 40 11 £z£´£¿
5140 40 11 £z£´£»
1141 42 11 £t£´
2141 42 11 £t£´£½
3141 42 11 £t£´£¾
4141 42 11 £t£´£¿
5141 42 11 £t£´£»
1142 43 11 £u£´
2142 43 11 £u£´£½
3142 43 11 £u£´£¾
4142 43 11 £u£´£¿
5142 43 11 £u£´£»
1143 44 11 £v£´
2143 44 11 £v£´£½
3143 44 11 £v£´£¾
4143 44 11 £v£´£¿
5143 44 11 £v£´£»
1144 45 11 £w£´
2144 45 11 £w£´£½
3144 45 11 £w£´£¾
4144 45 11 £w£´£¿
5144 45 11 £w£´£»
1145 8 12 £µ
2145 8 12 £µ£½
3145 8 12 £µ£¾
4145 8 12 £µ£¿
5145 8 12 £µ£»
1146 9 12 £¤£µ
2146 9 12 £¤£µ£½
3146 9 12 £¤£µ£¾
4146 9 12 £¤£µ£¿
5146 9 12 £¤£µ£»
1147 10 12 £¥£µ
2147 10 12 £¥£µ£½
3147 10 12 £¥£µ£¾
4147 10 12 £¥£µ£¿
5147 10 12 £¥£µ£»
1148 11 12 £¦£µ
2148 11 12 £¦£µ£½
3148 11 12 £¦£µ£¾
4148 11 12 £¦£µ£¿
5148 11 12 £¦£µ£»
1149 46 12 £§£µ
2149 46 12 £§£µ£½
3149 46 12 £§£µ£¾
4149 46 12 £§£µ£¿
5149 46 12 £§£µ£»
1150 12 12 £¨£µ
2150 12 12 £¨£µ£½
3150 12 12 £¨£µ£¾
4150 12 12 £¨£µ£¿
5150 12 12 £¨£µ£»
1151 13 12 £©£µ
2151 13 12 £©£µ£½
3151 13 12 £©£µ£¾
4151 13 12 £©£µ£¿
5151 13 12 £©£µ£»
1152 14 12 £ª£µ
2152 14 12 £ª£µ£½
3152 14 12 £ª£µ£¾
4152 14 12 £ª£µ£¿
5152 14 12 £ª£µ£»
1153 15 12 £|£µ
2153 15 12 £|£µ£½
3153 15 12 £|£µ£¾
4153 15 12 £|£µ£¿
5153 15 12 £|£µ£»
1154 16 12 £}£µ
2154 16 12 £}£µ£½
3154 16 12 £}£µ£¾
4154 16 12 £}£µ£¿
5154 16 12 £}£µ£»
1155 17 12 £~£µ
2155 17 12 £~£µ£½
3155 17 12 £~£µ£¾
4155 17 12 £~£µ£¿
5155 17 12 £~£µ£»
1156 18 12 £x£µ
2156 18 12 £x£µ£½
3156 18 12 £x£µ£¾
4156 18 12 £x£µ£¿
5156 18 12 £x£µ£»
1157 19 12 £y£µ
2157 19 12 £y£µ£½
3157 19 12 £y£µ£¾
4157 19 12 £y£µ£¿
5157 19 12 £y£µ£»
1158 20 12 £z£µ
2158 20 12 £z£µ£½
3158 20 12 £z£µ£¾
4158 20 12 £z£µ£¿
5158 20 12 £z£µ£»
1159 21 12 £{£µ
2159 21 12 £{£µ£½
3159 21 12 £{£µ£¾
4159 21 12 £{£µ£¿
5159 21 12 £{£µ£»
1160 22 12 £t£µ
2160 22 12 £t£µ£½
3160 22 12 £t£µ£¾
4160 22 12 £t£µ£¿
5160 22 12 £t£µ£»
1161 23 12 £u£µ
2161 23 12 £u£µ£½
3161 23 12 £u£µ£¾
4161 23 12 £u£µ£¿
5161 23 12 £u£µ£»
1162 24 12 £v£µ
2162 24 12 £v£µ£½
3162 24 12 £v£µ£¾
4162 24 12 £v£µ£¿
5162 24 12 £v£µ£»
1163 25 12 £w£µ
2163 25 12 £w£µ£½
3163 25 12 £w£µ£¾
4163 25 12 £w£µ£¿
5163 25 12 £w£µ£»
1164 27 13 £¶
2164 27 13 £¶£½
3164 27 13 £¶£¾
4164 27 13 £¶£¿
5164 27 13 £¶£»
1165 28 13 £¤£¶
2165 28 13 £¤£¶£½
3165 28 13 £¤£¶£¾
4165 28 13 £¤£¶£¿
5165 28 13 £¤£¶£»
1166 29 13 £¥£¶
2166 29 13 £¥£¶£½
3166 29 13 £¥£¶£¾
4166 29 13 £¥£¶£¿
5166 29 13 £¥£¶£»
1167 30 13 £¦£¶
2167 30 13 £¦£¶£½
3167 30 13 £¦£¶£¾
4167 30 13 £¦£¶£¿
5167 30 13 £¦£¶£»
1168 31 13 £§£¶
2168 31 13 £§£¶£½
3168 31 13 £§£¶£¾
4168 31 13 £§£¶£¿
5168 31 13 £§£¶£»
1169 32 13 £¨£¶
2169 32 13 £¨£¶£½
3169 32 13 £¨£¶£¾
4169 32 13 £¨£¶£¿
5169 32 13 £¨£¶£»
1170 33 13 £©£¶
2170 33 13 £©£¶£½
3170 33 13 £©£¶£¾
4170 33 13 £©£¶£¿
5170 33 13 £©£¶£»
1171 34 13 £ª£¶
2171 34 13 £ª£¶£½
3171 34 13 £ª£¶£¾
4171 34 13 £ª£¶£¿
5171 34 13 £ª£¶£»
1172 35 13 £|£¶
2172 35 13 £|£¶£½
3172 35 13 £|£¶£¾
4172 35 13 £|£¶£¿
5172 35 13 £|£¶£»
1173 36 13 £}£¶
2173 36 13 £}£¶£½
3173 36 13 £}£¶£¾
4173 36 13 £}£¶£¿
5173 36 13 £}£¶£»
1174 37 13 £~£¶
2174 37 13 £~£¶£½
3174 37 13 £~£¶£¾
4174 37 13 £~£¶£¿
5174 37 13 £~£¶£»
1175 38 13 £x£¶
2175 38 13 £x£¶£½
3175 38 13 £x£¶£¾
4175 38 13 £x£¶£¿
5175 38 13 £x£¶£»
1176 39 13 £y£¶
2176 39 13 £y£¶£½
3176 39 13 £y£¶£¾
4176 39 13 £y£¶£¿
5176 39 13 £y£¶£»
1177 40 13 £z£¶
2177 40 13 £z£¶£½
3177 40 13 £z£¶£¾
4177 40 13 £z£¶£¿
5177 40 13 £z£¶£»
1178 41 13 £{£¶
2178 41 13 £{£¶£½
3178 41 13 £{£¶£¾
4178 41 13 £{£¶£¿
5178 41 13 £{£¶£»
1179 42 13 £t£¶
2179 42 13 £t£¶£½
3179 42 13 £t£¶£¾
4179 42 13 £t£¶£¿
5179 42 13 £t£¶£»
1180 43 13 £u£¶
2180 43 13 £u£¶£½
3180 43 13 £u£¶£¾
4180 43 13 £u£¶£¿
5180 43 13 £u£¶£»
1181 44 13 £v£¶
2181 44 13 £v£¶£½
3181 44 13 £v£¶£¾
4181 44 13 £v£¶£¿
5181 44 13 £v£¶£»
1182 45 13 £w£¶
2182 45 13 £w£¶£½
3182 45 13 £w£¶£¾
4182 45 13 £w£¶£¿
5182 45 13 £w£¶£»
1183 64 14 £¸
2183 64 14 £¸£½
3183 64 14 £¸£¾
4183 64 14 £¸£¿
5183 64 14 £¸£»
1184 65 14 £¡£¸
2184 65 14 £¡£¸£½
3184 65 14 £¡£¸£¾
4184 65 14 £¡£¸£¿
5184 65 14 £¡£¸£»
1185 66 14 £¢£¸
2185 66 14 £¢£¸£½
3185 66 14 £¢£¸£¾
4185 66 14 £¢£¸£¿
5185 66 14 £¢£¸£»
1186 67 14 £££¸
2186 67 14 £££¸£½
3186 67 14 £££¸£¾
4186 67 14 £££¸£¿
5186 67 14 £££¸£»
1187 68 14 £x£¸
2187 68 14 £x£¸£½
3187 68 14 £x£¸£¾
4187 68 14 £x£¸£¿
5187 68 14 £x£¸£»
1188 69 14 £y£¸
2188 69 14 £y£¸£½
3188 69 14 £y£¸£¾
4188 69 14 £y£¸£¿
5188 69 14 £y£¸£»
1189 70 14 £z£¸
2189 70 14 £z£¸£½
3189 70 14 £z£¸£¾
4189 70 14 £z£¸£¿
5189 70 14 £z£¸£»
1190 71 14 £{£¸
2190 71 14 £{£¸£½
3190 71 14 £{£¸£¾
4190 71 14 £{£¸£¿
5190 71 14 £{£¸£»
1191 72 14 £t£¸
2191 72 14 £t£¸£½
3191 72 14 £t£¸£¾
4191 72 14 £t£¸£¿
5191 72 14 £t£¸£»
1192 73 14 £u£¸
2192 73 14 £u£¸£½
3192 73 14 £u£¸£¾
4192 73 14 £u£¸£¿
5192 73 14 £u£¸£»
1193 74 14 £v£¸
2193 74 14 £v£¸£½
3193 74 14 £v£¸£¾
4193 74 14 £v£¸£¿
5193 74 14 £v£¸£»
1194 75 15 £¹
2194 75 15 £¹£½
3194 75 15 £¹£¾
4194 75 15 £¹£¿
5194 75 15 £¹£»
1195 76 15 £¤£¹
2195 76 15 £¤£¹£½
3195 76 15 £¤£¹£¾
4195 76 15 £¤£¹£¿
5195 76 15 £¤£¹£»
1196 77 15 £¥£¹
2196 77 15 £¥£¹£½
3196 77 15 £¥£¹£¾
4196 77 15 £¥£¹£¿
5196 77 15 £¥£¹£»
1197 78 15 £¦£¹
2197 78 15 £¦£¹£½
3197 78 15 £¦£¹£¾
4197 78 15 £¦£¹£¿
5197 78 15 £¦£¹£»
1198 79 15 £§£¹
2198 79 15 £§£¹£½
3198 79 15 £§£¹£¾
4198 79 15 £§£¹£¿
5198 79 15 £§£¹£»
1199 80 15 £¨£¹
2199 80 15 £¨£¹£½
3199 80 15 £¨£¹£¾
4199 80 15 £¨£¹£¿
5199 80 15 £¨£¹£»
1200 81 15 £©£¹
2200 81 15 £©£¹£½
3200 81 15 £©£¹£¾
4200 81 15 £©£¹£¿
5200 81 15 £©£¹£»
1201 82 15 £ª£¹
2201 82 15 £ª£¹£½
3201 82 15 £ª£¹£¾
4201 82 15 £ª£¹£¿
5201 82 15 £ª£¹£»
1202 83 15 £|£¹
2202 83 15 £|£¹£½
3202 83 15 £|£¹£¾
4202 83 15 £|£¹£¿
5202 83 15 £|£¹£»
1203 84 15 £}£¹
2203 84 15 £}£¹£½
3203 84 15 £}£¹£¾
4203 84 15 £}£¹£¿
5203 84 15 £}£¹£»
1204 85 15 £~£¹
2204 85 15 £~£¹£½
3204 85 15 £~£¹£¾
4204 85 15 £~£¹£¿
5204 85 15 £~£¹£»
1205 86 15 £x£¹
2205 86 15 £x£¹£½
3205 86 15 £x£¹£¾
4205 86 15 £x£¹£¿
5205 86 15 £x£¹£»
1206 87 15 £y£¹
2206 87 15 £y£¹£½
3206 87 15 £y£¹£¾
4206 87 15 £y£¹£¿
5206 87 15 £y£¹£»
1207 88 15 £z£¹
2207 88 15 £z£¹£½
3207 88 15 £z£¹£¾
4207 88 15 £z£¹£¿
5207 88 15 £z£¹£»
1208 89 15 £{£¹
2208 89 15 £{£¹£½
3208 89 15 £{£¹£¾
4208 89 15 £{£¹£¿
5208 89 15 £{£¹£»
1209 90 15 £t£¹
2209 90 15 £t£¹£½
3209 90 15 £t£¹£¾
4209 90 15 £t£¹£¿
5209 90 15 £t£¹£»
1210 91 15 £u£¹
2210 91 15 £u£¹£½
3210 91 15 £u£¹£¾
4210 91 15 £u£¹£¿
5210 91 15 £u£¹£»
1211 92 15 £v£¹
2211 92 15 £v£¹£½
3211 92 15 £v£¹£¾
4211 92 15 £v£¹£¿
5211 92 15 £v£¹£»
1212 93 15 £w£¹
2212 93 15 £w£¹£½
3212 93 15 £w£¹£¾
4212 93 15 £w£¹£¿
5212 93 15 £w£¹£»
1213 94 16 £º
2213 94 16 £º£½
3213 94 16 £º£¾
4213 94 16 £º£¿
5213 94 16 £º£»
1214 95 16 £¡£º
2214 95 16 £¡£º£½
3214 95 16 £¡£º£¾
4214 95 16 £¡£º£¿
5214 95 16 £¡£º£»
1215 96 16 £¢£º
2215 96 16 £¢£º£½
3215 96 16 £¢£º£¾
4215 96 16 £¢£º£¿
5215 96 16 £¢£º£»
1216 97 16 £££º
2216 97 16 £££º£½
3216 97 16 £££º£¾
4216 97 16 £££º£¿
5216 97 16 £££º£»
1217 98 16 £z£º
2217 98 16 £z£º£½
3217 98 16 £z£º£¾
4217 98 16 £z£º£¿
5217 98 16 £z£º£»
1218 99 16 £{£º
2218 99 16 £{£º£½
3218 99 16 £{£º£¾
4218 99 16 £{£º£¿
5218 99 16 £{£º£»
1219 64 17 £¸£«
2219 64 17 £¸£«£½
3219 64 17 £¸£«£¾
4219 64 17 £¸£«£¿
5219 64 17 £¸£«£»
1220 65 17 £¡£¸£«
2220 65 17 £¡£¸£«£½
3220 65 17 £¡£¸£«£¾
4220 65 17 £¡£¸£«£¿
5220 65 17 £¡£¸£«£»
1221 66 17 £¢£¸£«
2221 66 17 £¢£¸£«£½
3221 66 17 £¢£¸£«£¾
4221 66 17 £¢£¸£«£¿
5221 66 17 £¢£¸£«£»
1222 67 17 £££¸£«
2222 67 17 £££¸£«£½
3222 67 17 £££¸£«£¾
4222 67 17 £££¸£«£¿
5222 67 17 £££¸£«£»
1223 71 17 £{£¸£«
2223 71 17 £{£¸£«£½
3223 71 17 £{£¸£«£¾
4223 71 17 £{£¸£«£¿
5223 71 17 £{£¸£«£»
1224 64 18 £¸£®
2224 64 18 £¸£®£½
3224 64 18 £¸£®£¾
4224 64 18 £¸£®£¿
5224 64 18 £¸£®£»
1225 65 18 £¡£¸£®
2225 65 18 £¡£¸£®£½
3225 65 18 £¡£¸£®£¾
4225 65 18 £¡£¸£®£¿
5225 65 18 £¡£¸£®£»
1226 66 18 £¢£¸£®
2226 66 18 £¢£¸£®£½
3226 66 18 £¢£¸£®£¾
4226 66 18 £¢£¸£®£¿
5226 66 18 £¢£¸£®£»
1227 67 18 £££¸£®
2227 67 18 £££¸£®£½
3227 67 18 £££¸£®£¾
4227 67 18 £££¸£®£¿
5227 67 18 £££¸£®£»
1228 68 18 £x£¸£®
2228 68 18 £x£¸£®£½
3228 68 18 £x£¸£®£¾
4228 68 18 £x£¸£®£¿
5228 68 18 £x£¸£®£»
1229 69 18 £y£¸£®
2229 69 18 £y£¸£®£½
3229 69 18 £y£¸£®£¾
4229 69 18 £y£¸£®£¿
5229 69 18 £y£¸£®£»
1230 70 18 £z£¸£®
2230 70 18 £z£¸£®£½
3230 70 18 £z£¸£®£¾
4230 70 18 £z£¸£®£¿
5230 70 18 £z£¸£®£»
1231 71 18 £{£¸£®
2231 71 18 £{£¸£®£½
3231 71 18 £{£¸£®£¾
4231 71 18 £{£¸£®£¿
5231 71 18 £{£¸£®£»
1232 72 18 £t£¸£®
2232 72 18 £t£¸£®£½
3232 72 18 £t£¸£®£¾
4232 72 18 £t£¸£®£¿
5232 72 18 £t£¸£®£»
1233 73 18 £u£¸£®
2233 73 18 £u£¸£®£½
3233 73 18 £u£¸£®£¾
4233 73 18 £u£¸£®£¿
5233 73 18 £u£¸£®£»
1234 74 18 £v£¸£®
2234 74 18 £v£¸£®£½
3234 74 18 £v£¸£®£¾
4234 74 18 £v£¸£®£¿
5234 74 18 £v£¸£®£»
1235 64 19 £¸£¯
2235 64 19 £¸£¯£½
3235 64 19 £¸£¯£¾
4235 64 19 £¸£¯£¿
5235 64 19 £¸£¯£»
1236 64 20 £¸£±
2236 64 20 £¸£±£½
3236 64 20 £¸£±£¾
4236 64 20 £¸£±£¿
5236 64 20 £¸£±£»
1237 65 20 £¡£¸£±
2237 65 20 £¡£¸£±£½
3237 65 20 £¡£¸£±£¾
4237 65 20 £¡£¸£±£¿
5237 65 20 £¡£¸£±£»
1238 66 20 £¢£¸£±
2238 66 20 £¢£¸£±£½
3238 66 20 £¢£¸£±£¾
4238 66 20 £¢£¸£±£¿
5238 66 20 £¢£¸£±£»
1239 67 20 £££¸£±
2239 67 20 £££¸£±£½
3239 67 20 £££¸£±£¾
4239 67 20 £££¸£±£¿
5239 67 20 £££¸£±£»
1240 68 20 £x£¸£±
2240 68 20 £x£¸£±£½
3240 68 20 £x£¸£±£¾
4240 68 20 £x£¸£±£¿
5240 68 20 £x£¸£±£»
1241 69 20 £y£¸£±
2241 69 20 £y£¸£±£½
3241 69 20 £y£¸£±£¾
4241 69 20 £y£¸£±£¿
5241 69 20 £y£¸£±£»
1242 70 20 £z£¸£±
2242 70 20 £z£¸£±£½
3242 70 20 £z£¸£±£¾
4242 70 20 £z£¸£±£¿
5242 70 20 £z£¸£±£»
1243 71 20 £{£¸£±
2243 71 20 £{£¸£±£½
3243 71 20 £{£¸£±£¾
4243 71 20 £{£¸£±£¿
5243 71 20 £{£¸£±£»
1244 72 20 £t£¸£±
2244 72 20 £t£¸£±£½
3244 72 20 £t£¸£±£¾
4244 72 20 £t£¸£±£¿
5244 72 20 £t£¸£±£»
1245 73 20 £u£¸£±
2245 73 20 £u£¸£±£½
3245 73 20 £u£¸£±£¾
4245 73 20 £u£¸£±£¿
5245 73 20 £u£¸£±£»
1246 74 20 £v£¸£±
2246 74 20 £v£¸£±£½
3246 74 20 £v£¸£±£¾
4246 74 20 £v£¸£±£¿
5246 74 20 £v£¸£±£»
1247 64 21 £¸£²
2247 64 21 £¸£²£½
3247 64 21 £¸£²£¾
4247 64 21 £¸£²£¿
5247 64 21 £¸£²£»
1248 65 21 £¡£¸£²
2248 65 21 £¡£¸£²£½
3248 65 21 £¡£¸£²£¾
4248 65 21 £¡£¸£²£¿
5248 65 21 £¡£¸£²£»
1249 66 21 £¢£¸£²
2249 66 21 £¢£¸£²£½
3249 66 21 £¢£¸£²£¾
4249 66 21 £¢£¸£²£¿
5249 66 21 £¢£¸£²£»
1250 67 21 £££¸£²
2250 67 21 £££¸£²£½
3250 67 21 £££¸£²£¾
4250 67 21 £££¸£²£¿
5250 67 21 £££¸£²£»
1251 68 21 £x£¸£²
2251 68 21 £x£¸£²£½
3251 68 21 £x£¸£²£¾
4251 68 21 £x£¸£²£¿
5251 68 21 £x£¸£²£»
1252 70 21 £z£¸£²
2252 70 21 £z£¸£²£½
3252 70 21 £z£¸£²£¾
4252 70 21 £z£¸£²£¿
5252 70 21 £z£¸£²£»
1253 71 21 £{£¸£²
2253 71 21 £{£¸£²£½
3253 71 21 £{£¸£²£¾
4253 71 21 £{£¸£²£¿
5253 71 21 £{£¸£²£»
1254 74 21 £v£¸£²
2254 74 21 £v£¸£²£½
3254 74 21 £v£¸£²£¾
4254 74 21 £v£¸£²£¿
5254 74 21 £v£¸£²£»
1255 64 22 £¸£³
2255 64 22 £¸£³£½
3255 64 22 £¸£³£¾
4255 64 22 £¸£³£¿
5255 64 22 £¸£³£»
1256 65 22 £¡£¸£³
2256 65 22 £¡£¸£³£½
3256 65 22 £¡£¸£³£¾
4256 65 22 £¡£¸£³£¿
5256 65 22 £¡£¸£³£»
1257 66 22 £¢£¸£³
2257 66 22 £¢£¸£³£½
3257 66 22 £¢£¸£³£¾
4257 66 22 £¢£¸£³£¿
5257 66 22 £¢£¸£³£»
1258 67 22 £££¸£³
2258 67 22 £££¸£³£½
3258 67 22 £££¸£³£¾
4258 67 22 £££¸£³£¿
5258 67 22 £££¸£³£»
1259 68 22 £x£¸£³
2259 68 22 £x£¸£³£½
3259 68 22 £x£¸£³£¾
4259 68 22 £x£¸£³£¿
5259 68 22 £x£¸£³£»
1260 69 22 £y£¸£³
2260 69 22 £y£¸£³£½
3260 69 22 £y£¸£³£¾
4260 69 22 £y£¸£³£¿
5260 69 22 £y£¸£³£»
1261 70 22 £z£¸£³
2261 70 22 £z£¸£³£½
3261 70 22 £z£¸£³£¾
4261 70 22 £z£¸£³£¿
5261 70 22 £z£¸£³£»
1262 71 22 £{£¸£³
2262 71 22 £{£¸£³£½
3262 71 22 £{£¸£³£¾
4262 71 22 £{£¸£³£¿
5262 71 22 £{£¸£³£»
1263 72 22 £t£¸£³
2263 72 22 £t£¸£³£½
3263 72 22 £t£¸£³£¾
4263 72 22 £t£¸£³£¿
5263 72 22 £t£¸£³£»
1264 73 22 £u£¸£³
2264 73 22 £u£¸£³£½
3264 73 22 £u£¸£³£¾
4264 73 22 £u£¸£³£¿
5264 73 22 £u£¸£³£»
1265 74 22 £v£¸£³
2265 74 22 £v£¸£³£½
3265 74 22 £v£¸£³£¾
4265 74 22 £v£¸£³£¿
5265 74 22 £v£¸£³£»
1266 64 23 £¸£´
2266 64 23 £¸£´£½
3266 64 23 £¸£´£¾
4266 64 23 £¸£´£¿
5266 64 23 £¸£´£»
1267 65 23 £¡£¸£´
2267 65 23 £¡£¸£´£½
3267 65 23 £¡£¸£´£¾
4267 65 23 £¡£¸£´£¿
5267 65 23 £¡£¸£´£»
1268 66 23 £¢£¸£´
2268 66 23 £¢£¸£´£½
3268 66 23 £¢£¸£´£¾
4268 66 23 £¢£¸£´£¿
5268 66 23 £¢£¸£´£»
1269 67 23 £££¸£´
2269 67 23 £££¸£´£½
3269 67 23 £££¸£´£¾
4269 67 23 £££¸£´£¿
5269 67 23 £££¸£´£»
1270 70 23 £z£¸£´
2270 70 23 £z£¸£´£½
3270 70 23 £z£¸£´£¾
4270 70 23 £z£¸£´£¿
5270 70 23 £z£¸£´£»
1271 71 23 £{£¸£´
2271 71 23 £{£¸£´£½
3271 71 23 £{£¸£´£¾
4271 71 23 £{£¸£´£¿
5271 71 23 £{£¸£´£»
1272 72 23 £t£¸£´
2272 72 23 £t£¸£´£½
3272 72 23 £t£¸£´£¾
4272 72 23 £t£¸£´£¿
5272 72 23 £t£¸£´£»
1273 73 23 £u£¸£´
2273 73 23 £u£¸£´£½
3273 73 23 £u£¸£´£¾
4273 73 23 £u£¸£´£¿
5273 73 23 £u£¸£´£»
1274 74 23 £v£¸£´
2274 74 23 £v£¸£´£½
3274 74 23 £v£¸£´£¾
4274 74 23 £v£¸£´£¿
5274 74 23 £v£¸£´£»
1275 64 24 £¸£µ
2275 64 24 £¸£µ£½
3275 64 24 £¸£µ£¾
4275 64 24 £¸£µ£¿
5275 64 24 £¸£µ£»
1276 65 24 £¡£¸£µ
2276 65 24 £¡£¸£µ£½
3276 65 24 £¡£¸£µ£¾
4276 65 24 £¡£¸£µ£¿
5276 65 24 £¡£¸£µ£»
1277 66 24 £¢£¸£µ
2277 66 24 £¢£¸£µ£½
3277 66 24 £¢£¸£µ£¾
4277 66 24 £¢£¸£µ£¿
5277 66 24 £¢£¸£µ£»
1278 67 24 £££¸£µ
2278 67 24 £££¸£µ£½
3278 67 24 £££¸£µ£¾
4278 67 24 £££¸£µ£¿
5278 67 24 £££¸£µ£»
1279 70 24 £z£¸£µ
2279 70 24 £z£¸£µ£½
3279 70 24 £z£¸£µ£¾
4279 70 24 £z£¸£µ£¿
5279 70 24 £z£¸£µ£»
1280 71 24 £{£¸£µ
2280 71 24 £{£¸£µ£½
3280 71 24 £{£¸£µ£¾
4280 71 24 £{£¸£µ£¿
5280 71 24 £{£¸£µ£»
1281 64 25 £¸£¶
2281 64 25 £¸£¶£½
3281 64 25 £¸£¶£¾
4281 64 25 £¸£¶£¿
5281 64 25 £¸£¶£»
1282 65 25 £¡£¸£¶
2282 65 25 £¡£¸£¶£½
3282 65 25 £¡£¸£¶£¾
4282 65 25 £¡£¸£¶£¿
5282 65 25 £¡£¸£¶£»
1283 66 25 £¢£¸£¶
2283 66 25 £¢£¸£¶£½
3283 66 25 £¢£¸£¶£¾
4283 66 25 £¢£¸£¶£¿
5283 66 25 £¢£¸£¶£»
1284 67 25 £££¸£¶
2284 67 25 £££¸£¶£½
3284 67 25 £££¸£¶£¾
4284 67 25 £££¸£¶£¿
5284 67 25 £££¸£¶£»
1285 68 25 £x£¸£¶
2285 68 25 £x£¸£¶£½
3285 68 25 £x£¸£¶£¾
4285 68 25 £x£¸£¶£¿
5285 68 25 £x£¸£¶£»
1286 69 25 £y£¸£¶
2286 69 25 £y£¸£¶£½
3286 69 25 £y£¸£¶£¾
4286 69 25 £y£¸£¶£¿
5286 69 25 £y£¸£¶£»
1287 70 25 £z£¸£¶
2287 70 25 £z£¸£¶£½
3287 70 25 £z£¸£¶£¾
4287 70 25 £z£¸£¶£¿
5287 70 25 £z£¸£¶£»
1288 71 25 £{£¸£¶
2288 71 25 £{£¸£¶£½
3288 71 25 £{£¸£¶£¾
4288 71 25 £{£¸£¶£¿
5288 71 25 £{£¸£¶£»
1289 72 25 £t£¸£¶
2289 72 25 £t£¸£¶£½
3289 72 25 £t£¸£¶£¾
4289 72 25 £t£¸£¶£¿
5289 72 25 £t£¸£¶£»
1290 73 25 £u£¸£¶
2290 73 25 £u£¸£¶£½
3290 73 25 £u£¸£¶£¾
4290 73 25 £u£¸£¶£¿
5290 73 25 £u£¸£¶£»
1291 74 25 £v£¸£¶
2291 74 25 £v£¸£¶£½
3291 74 25 £v£¸£¶£¾
4291 74 25 £v£¸£¶£¿
5291 74 25 £v£¸£¶£»
1292 75 26 £¹£«
2292 75 26 £¹£«£½
3292 75 26 £¹£«£¾
4292 75 26 £¹£«£¿
5292 75 26 £¹£«£»
1293 76 26 £¤£¹£«
2293 76 26 £¤£¹£«£½
3293 76 26 £¤£¹£«£¾
4293 76 26 £¤£¹£«£¿
5293 76 26 £¤£¹£«£»
1294 77 26 £¥£¹£«
2294 77 26 £¥£¹£«£½
3294 77 26 £¥£¹£«£¾
4294 77 26 £¥£¹£«£¿
5294 77 26 £¥£¹£«£»
1295 78 26 £¦£¹£«
2295 78 26 £¦£¹£«£½
3295 78 26 £¦£¹£«£¾
4295 78 26 £¦£¹£«£¿
5295 78 26 £¦£¹£«£»
1296 83 26 £|£¹£«
2296 83 26 £|£¹£«£½
3296 83 26 £|£¹£«£¾
4296 83 26 £|£¹£«£¿
5296 83 26 £|£¹£«£»
1297 84 26 £}£¹£«
2297 84 26 £}£¹£«£½
3297 84 26 £}£¹£«£¾
4297 84 26 £}£¹£«£¿
5297 84 26 £}£¹£«£»
1298 85 26 £~£¹£«
2298 85 26 £~£¹£«£½
3298 85 26 £~£¹£«£¾
4298 85 26 £~£¹£«£¿
5298 85 26 £~£¹£«£»
1299 75 27 £¹£¬
2299 75 27 £¹£¬£½
3299 75 27 £¹£¬£¾
4299 75 27 £¹£¬£¿
5299 75 27 £¹£¬£»
1300 76 27 £¤£¹£¬
2300 76 27 £¤£¹£¬£½
3300 76 27 £¤£¹£¬£¾
4300 76 27 £¤£¹£¬£¿
5300 76 27 £¤£¹£¬£»
1301 77 27 £¥£¹£¬
2301 77 27 £¥£¹£¬£½
3301 77 27 £¥£¹£¬£¾
4301 77 27 £¥£¹£¬£¿
5301 77 27 £¥£¹£¬£»
1302 78 27 £¦£¹£¬
2302 78 27 £¦£¹£¬£½
3302 78 27 £¦£¹£¬£¾
4302 78 27 £¦£¹£¬£¿
5302 78 27 £¦£¹£¬£»
1303 79 27 £§£¹£¬
2303 79 27 £§£¹£¬£½
3303 79 27 £§£¹£¬£¾
4303 79 27 £§£¹£¬£¿
5303 79 27 £§£¹£¬£»
1304 80 27 £¨£¹£¬
2304 80 27 £¨£¹£¬£½
3304 80 27 £¨£¹£¬£¾
4304 80 27 £¨£¹£¬£¿
5304 80 27 £¨£¹£¬£»
1305 81 27 £©£¹£¬
2305 81 27 £©£¹£¬£½
3305 81 27 £©£¹£¬£¾
4305 81 27 £©£¹£¬£¿
5305 81 27 £©£¹£¬£»
1306 82 27 £ª£¹£¬
2306 82 27 £ª£¹£¬£½
3306 82 27 £ª£¹£¬£¾
4306 82 27 £ª£¹£¬£¿
5306 82 27 £ª£¹£¬£»
1307 83 27 £|£¹£¬
2307 83 27 £|£¹£¬£½
3307 83 27 £|£¹£¬£¾
4307 83 27 £|£¹£¬£¿
5307 83 27 £|£¹£¬£»
1308 84 27 £}£¹£¬
2308 84 27 £}£¹£¬£½
3308 84 27 £}£¹£¬£¾
4308 84 27 £}£¹£¬£¿
5308 84 27 £}£¹£¬£»
1309 85 27 £~£¹£¬
2309 85 27 £~£¹£¬£½
3309 85 27 £~£¹£¬£¾
4309 85 27 £~£¹£¬£¿
5309 85 27 £~£¹£¬£»
1310 86 27 £x£¹£¬
2310 86 27 £x£¹£¬£½
3310 86 27 £x£¹£¬£¾
4310 86 27 £x£¹£¬£¿
5310 86 27 £x£¹£¬£»
1311 87 27 £y£¹£¬
2311 87 27 £y£¹£¬£½
3311 87 27 £y£¹£¬£¾
4311 87 27 £y£¹£¬£¿
5311 87 27 £y£¹£¬£»
1312 88 27 £z£¹£¬
2312 88 27 £z£¹£¬£½
3312 88 27 £z£¹£¬£¾
4312 88 27 £z£¹£¬£¿
5312 88 27 £z£¹£¬£»
1313 89 27 £{£¹£¬
2313 89 27 £{£¹£¬£½
3313 89 27 £{£¹£¬£¾
4313 89 27 £{£¹£¬£¿
5313 89 27 £{£¹£¬£»
1314 100 3 £t£¬
2314 100 3 £t£¬£½
3314 100 3 £t£¬£¾
4314 100 3 £t£¬£¿
5314 100 3 £t£¬£»
1315 61 3 £u£¬
2315 61 3 £u£¬£½
3315 61 3 £u£¬£¾
4315 61 3 £u£¬£¿
5315 61 3 £u£¬£»
1316 62 3 £v£¬
2316 62 3 £v£¬£½
3316 62 3 £v£¬£¾
4316 62 3 £v£¬£¿
5316 62 3 £v£¬£»
1317 63 3 £w£¬
2317 63 3 £w£¬£½
3317 63 3 £w£¬£¾
4317 63 3 £w£¬£¿
5317 63 3 £w£¬£»
1318 75 28 £¹£¯
2318 75 28 £¹£¯£½
3318 75 28 £¹£¯£¾
4318 75 28 £¹£¯£¿
5318 75 28 £¹£¯£»
1319 76 28 £¤£¹£¯
2319 76 28 £¤£¹£¯£½
3319 76 28 £¤£¹£¯£¾
4319 76 28 £¤£¹£¯£¿
5319 76 28 £¤£¹£¯£»
1320 77 28 £¥£¹£¯
2320 77 28 £¥£¹£¯£½
3320 77 28 £¥£¹£¯£¾
4320 77 28 £¥£¹£¯£¿
5320 77 28 £¥£¹£¯£»
1321 78 28 £¦£¹£¯
2321 78 28 £¦£¹£¯£½
3321 78 28 £¦£¹£¯£¾
4321 78 28 £¦£¹£¯£¿
5321 78 28 £¦£¹£¯£»
1322 83 28 £|£¹£¯
2322 83 28 £|£¹£¯£½
3322 83 28 £|£¹£¯£¾
4322 83 28 £|£¹£¯£¿
5322 83 28 £|£¹£¯£»
1323 84 28 £}£¹£¯
2323 84 28 £}£¹£¯£½
3323 84 28 £}£¹£¯£¾
4323 84 28 £}£¹£¯£¿
5323 84 28 £}£¹£¯£»
1324 85 28 £~£¹£¯
2324 85 28 £~£¹£¯£½
3324 85 28 £~£¹£¯£¾
4324 85 28 £~£¹£¯£¿
5324 85 28 £~£¹£¯£»
1325 75 29 £¹£°
2325 75 29 £¹£°£½
3325 75 29 £¹£°£¾
4325 75 29 £¹£°£¿
5325 75 29 £¹£°£»
1326 76 29 £¤£¹£°
2326 76 29 £¤£¹£°£½
3326 76 29 £¤£¹£°£¾
4326 76 29 £¤£¹£°£¿
5326 76 29 £¤£¹£°£»
1327 77 29 £¥£¹£°
2327 77 29 £¥£¹£°£½
3327 77 29 £¥£¹£°£¾
4327 77 29 £¥£¹£°£¿
5327 77 29 £¥£¹£°£»
1328 78 29 £¦£¹£°
2328 78 29 £¦£¹£°£½
3328 78 29 £¦£¹£°£¾
4328 78 29 £¦£¹£°£¿
5328 78 29 £¦£¹£°£»
1329 79 29 £§£¹£°
2329 79 29 £§£¹£°£½
3329 79 29 £§£¹£°£¾
4329 79 29 £§£¹£°£¿
5329 79 29 £§£¹£°£»
1330 80 29 £¨£¹£°
2330 80 29 £¨£¹£°£½
3330 80 29 £¨£¹£°£¾
4330 80 29 £¨£¹£°£¿
5330 80 29 £¨£¹£°£»
1331 81 29 £©£¹£°
2331 81 29 £©£¹£°£½
3331 81 29 £©£¹£°£¾
4331 81 29 £©£¹£°£¿
5331 81 29 £©£¹£°£»
1332 82 29 £ª£¹£°
2332 82 29 £ª£¹£°£½
3332 82 29 £ª£¹£°£¾
4332 82 29 £ª£¹£°£¿
5332 82 29 £ª£¹£°£»
1333 83 29 £|£¹£°
2333 83 29 £|£¹£°£½
3333 83 29 £|£¹£°£¾
4333 83 29 £|£¹£°£¿
5333 83 29 £|£¹£°£»
1334 84 29 £}£¹£°
2334 84 29 £}£¹£°£½
3334 84 29 £}£¹£°£¾
4334 84 29 £}£¹£°£¿
5334 84 29 £}£¹£°£»
1335 85 29 £~£¹£°
2335 85 29 £~£¹£°£½
3335 85 29 £~£¹£°£¾
4335 85 29 £~£¹£°£¿
5335 85 29 £~£¹£°£»
1336 86 29 £x£¹£°
2336 86 29 £x£¹£°£½
3336 86 29 £x£¹£°£¾
4336 86 29 £x£¹£°£¿
5336 86 29 £x£¹£°£»
1337 87 29 £y£¹£°
2337 87 29 £y£¹£°£½
3337 87 29 £y£¹£°£¾
4337 87 29 £y£¹£°£¿
5337 87 29 £y£¹£°£»
1338 75 30 £¹£³
2338 75 30 £¹£³£½
3338 75 30 £¹£³£¾
4338 75 30 £¹£³£¿
5338 75 30 £¹£³£»
1339 76 30 £¤£¹£³
2339 76 30 £¤£¹£³£½
3339 76 30 £¤£¹£³£¾
4339 76 30 £¤£¹£³£¿
5339 76 30 £¤£¹£³£»
1340 77 30 £¥£¹£³
2340 77 30 £¥£¹£³£½
3340 77 30 £¥£¹£³£¾
4340 77 30 £¥£¹£³£¿
5340 77 30 £¥£¹£³£»
1341 78 30 £¦£¹£³
2341 78 30 £¦£¹£³£½
3341 78 30 £¦£¹£³£¾
4341 78 30 £¦£¹£³£¿
5341 78 30 £¦£¹£³£»
1342 79 30 £§£¹£³
2342 79 30 £§£¹£³£½
3342 79 30 £§£¹£³£¾
4342 79 30 £§£¹£³£¿
5342 79 30 £§£¹£³£»
1343 80 30 £¨£¹£³
2343 80 30 £¨£¹£³£½
3343 80 30 £¨£¹£³£¾
4343 80 30 £¨£¹£³£¿
5343 80 30 £¨£¹£³£»
1344 81 30 £©£¹£³
2344 81 30 £©£¹£³£½
3344 81 30 £©£¹£³£¾
4344 81 30 £©£¹£³£¿
5344 81 30 £©£¹£³£»
1345 82 30 £ª£¹£³
2345 82 30 £ª£¹£³£½
3345 82 30 £ª£¹£³£¾
4345 82 30 £ª£¹£³£¿
5345 82 30 £ª£¹£³£»
1346 83 30 £|£¹£³
2346 83 30 £|£¹£³£½
3346 83 30 £|£¹£³£¾
4346 83 30 £|£¹£³£¿
5346 83 30 £|£¹£³£»
1347 84 30 £}£¹£³
2347 84 30 £}£¹£³£½
3347 84 30 £}£¹£³£¾
4347 84 30 £}£¹£³£¿
5347 84 30 £}£¹£³£»
1348 85 30 £~£¹£³
2348 85 30 £~£¹£³£½
3348 85 30 £~£¹£³£¾
4348 85 30 £~£¹£³£¿
5348 85 30 £~£¹£³£»
1349 86 30 £x£¹£³
2349 86 30 £x£¹£³£½
3349 86 30 £x£¹£³£¾
4349 86 30 £x£¹£³£¿
5349 86 30 £x£¹£³£»
1350 87 30 £y£¹£³
2350 87 30 £y£¹£³£½
3350 87 30 £y£¹£³£¾
4350 87 30 £y£¹£³£¿
5350 87 30 £y£¹£³£»
1351 88 30 £z£¹£³
2351 88 30 £z£¹£³£½
3351 88 30 £z£¹£³£¾
4351 88 30 £z£¹£³£¿
5351 88 30 £z£¹£³£»
1352 89 30 £{£¹£³
2352 89 30 £{£¹£³£½
3352 89 30 £{£¹£³£¾
4352 89 30 £{£¹£³£¿
5352 89 30 £{£¹£³£»
1353 75 31 £¹£´
2353 75 31 £¹£´£½
3353 75 31 £¹£´£¾
4353 75 31 £¹£´£¿
5353 75 31 £¹£´£»
1354 76 31 £¤£¹£´
2354 76 31 £¤£¹£´£½
3354 76 31 £¤£¹£´£¾
4354 76 31 £¤£¹£´£¿
5354 76 31 £¤£¹£´£»
1355 77 31 £¥£¹£´
2355 77 31 £¥£¹£´£½
3355 77 31 £¥£¹£´£¾
4355 77 31 £¥£¹£´£¿
5355 77 31 £¥£¹£´£»
1356 78 31 £¦£¹£´
2356 78 31 £¦£¹£´£½
3356 78 31 £¦£¹£´£¾
4356 78 31 £¦£¹£´£¿
5356 78 31 £¦£¹£´£»
1357 79 31 £§£¹£´
2357 79 31 £§£¹£´£½
3357 79 31 £§£¹£´£¾
4357 79 31 £§£¹£´£¿
5357 79 31 £§£¹£´£»
1358 80 31 £¨£¹£´
2358 80 31 £¨£¹£´£½
3358 80 31 £¨£¹£´£¾
4358 80 31 £¨£¹£´£¿
5358 80 31 £¨£¹£´£»
1359 81 31 £©£¹£´
2359 81 31 £©£¹£´£½
3359 81 31 £©£¹£´£¾
4359 81 31 £©£¹£´£¿
5359 81 31 £©£¹£´£»
1360 82 31 £ª£¹£´
2360 82 31 £ª£¹£´£½
3360 82 31 £ª£¹£´£¾
4360 82 31 £ª£¹£´£¿
5360 82 31 £ª£¹£´£»
1361 83 31 £|£¹£´
2361 83 31 £|£¹£´£½
3361 83 31 £|£¹£´£¾
4361 83 31 £|£¹£´£¿
5361 83 31 £|£¹£´£»
1362 84 31 £}£¹£´
2362 84 31 £}£¹£´£½
3362 84 31 £}£¹£´£¾
4362 84 31 £}£¹£´£¿
5362 84 31 £}£¹£´£»
1363 85 31 £~£¹£´
2363 85 31 £~£¹£´£½
3363 85 31 £~£¹£´£¾
4363 85 31 £~£¹£´£¿
5363 85 31 £~£¹£´£»
1364 86 31 £x£¹£´
2364 86 31 £x£¹£´£½
3364 86 31 £x£¹£´£¾
4364 86 31 £x£¹£´£¿
5364 86 31 £x£¹£´£»
1365 87 31 £y£¹£´
2365 87 31 £y£¹£´£½
3365 87 31 £y£¹£´£¾
4365 87 31 £y£¹£´£¿
5365 87 31 £y£¹£´£»
1366 89 31 £{£¹£´
2366 89 31 £{£¹£´£½
3366 89 31 £{£¹£´£¾
4366 89 31 £{£¹£´£¿
5366 89 31 £{£¹£´£»
1367 75 32 £¹£µ
2367 75 32 £¹£µ£½
3367 75 32 £¹£µ£¾
4367 75 32 £¹£µ£¿
5367 75 32 £¹£µ£»
1368 76 32 £¤£¹£µ
2368 76 32 £¤£¹£µ£½
3368 76 32 £¤£¹£µ£¾
4368 76 32 £¤£¹£µ£¿
5368 76 32 £¤£¹£µ£»
1369 77 32 £¥£¹£µ
2369 77 32 £¥£¹£µ£½
3369 77 32 £¥£¹£µ£¾
4369 77 32 £¥£¹£µ£¿
5369 77 32 £¥£¹£µ£»
1370 78 32 £¦£¹£µ
2370 78 32 £¦£¹£µ£½
3370 78 32 £¦£¹£µ£¾
4370 78 32 £¦£¹£µ£¿
5370 78 32 £¦£¹£µ£»
1371 83 32 £|£¹£µ
2371 83 32 £|£¹£µ£½
3371 83 32 £|£¹£µ£¾
4371 83 32 £|£¹£µ£¿
5371 83 32 £|£¹£µ£»
1372 84 32 £}£¹£µ
2372 84 32 £}£¹£µ£½
3372 84 32 £}£¹£µ£¾
4372 84 32 £}£¹£µ£¿
5372 84 32 £}£¹£µ£»
1373 85 32 £~£¹£µ
2373 85 32 £~£¹£µ£½
3373 85 32 £~£¹£µ£¾
4373 85 32 £~£¹£µ£¿
5373 85 32 £~£¹£µ£»
1374 75 33 £¹£¶
2374 75 33 £¹£¶£½
3374 75 33 £¹£¶£¾
4374 75 33 £¹£¶£¿
5374 75 33 £¹£¶£»
1375 76 33 £¤£¹£¶
2375 76 33 £¤£¹£¶£½
3375 76 33 £¤£¹£¶£¾
4375 76 33 £¤£¹£¶£¿
5375 76 33 £¤£¹£¶£»
1376 77 33 £¥£¹£¶
2376 77 33 £¥£¹£¶£½
3376 77 33 £¥£¹£¶£¾
4376 77 33 £¥£¹£¶£¿
5376 77 33 £¥£¹£¶£»
1377 78 33 £{£º£´
2377 78 33 £{£º£´£½
3377 78 33 £{£º£´£¾
4377 78 33 £{£º£´£¿
5377 78 33 £{£º£´£»
1378 79 33 £§£¹£¶
2378 79 33 £§£¹£¶£½
3378 79 33 £§£¹£¶£¾
4378 79 33 £§£¹£¶£¿
5378 79 33 £§£¹£¶£»
1379 80 33 £¨£¹£¶
2379 80 33 £¨£¹£¶£½
3379 80 33 £¨£¹£¶£¾
4379 80 33 £¨£¹£¶£¿
5379 80 33 £¨£¹£¶£»
1380 81 33 £©£¹£¶
2380 81 33 £©£¹£¶£½
3380 81 33 £©£¹£¶£¾
4380 81 33 £©£¹£¶£¿
5380 81 33 £©£¹£¶£»
1381 82 33 £ª£¹£¶
2381 82 33 £ª£¹£¶£½
3381 82 33 £ª£¹£¶£¾
4381 82 33 £ª£¹£¶£¿
5381 82 33 £ª£¹£¶£»
1382 83 33 £|£¹£¶
2382 83 33 £|£¹£¶£½
3382 83 33 £|£¹£¶£¾
4382 83 33 £|£¹£¶£¿
5382 83 33 £|£¹£¶£»
1383 84 33 £}£¹£¶
2383 84 33 £}£¹£¶£½
3383 84 33 £}£¹£¶£¾
4383 84 33 £}£¹£¶£¿
5383 84 33 £}£¹£¶£»
1384 85 33 £~£¹£¶
2384 85 33 £~£¹£¶£½
3384 85 33 £~£¹£¶£¾
4384 85 33 £~£¹£¶£¿
5384 85 33 £~£¹£¶£»
1385 86 33 £x£¹£¶
2385 86 33 £x£¹£¶£½
3385 86 33 £x£¹£¶£¾
4385 86 33 £x£¹£¶£¿
5385 86 33 £x£¹£¶£»
1386 87 33 £y£¹£¶
2386 87 33 £y£¹£¶£½
3386 87 33 £y£¹£¶£¾
4386 87 33 £y£¹£¶£¿
5386 87 33 £y£¹£¶£»
1387 88 33 £z£¹£¶
2387 88 33 £z£¹£¶£½
3387 88 33 £z£¹£¶£¾
4387 88 33 £z£¹£¶£¿
5387 88 33 £z£¹£¶£»
1388 89 33 £{£¹£¶
2388 89 33 £{£¹£¶£½
3388 89 33 £{£¹£¶£¾
4388 89 33 £{£¹£¶£¿
5388 89 33 £{£¹£¶£»
1389 94 34 £º£®
2389 94 34 £º£®£½
3389 94 34 £º£®£¾
4389 94 34 £º£®£¿
5389 94 34 £º£®£»
1390 95 34 £¡£º£®
2390 95 34 £¡£º£®£½
3390 95 34 £¡£º£®£¾
4390 95 34 £¡£º£®£¿
5390 95 34 £¡£º£®£»
1391 96 34 £¢£º£®
2391 96 34 £¢£º£®£½
3391 96 34 £¢£º£®£¾
4391 96 34 £¢£º£®£¿
5391 96 34 £¢£º£®£»
1392 97 34 £££º£®
2392 97 34 £££º£®£½
3392 97 34 £££º£®£¾
4392 97 34 £££º£®£¿
5392 97 34 £££º£®£»
1393 98 34 £z£º£®
2393 98 34 £z£º£®£½
3393 98 34 £z£º£®£¾
4393 98 34 £z£º£®£¿
5393 98 34 £z£º£®£»
1394 99 34 £{£º£®
2394 99 34 £{£º£®£½
3394 99 34 £{£º£®£¾
4394 99 34 £{£º£®£¿
5394 99 34 £{£º£®£»
1395 94 35 £º£³
2395 94 35 £º£³£½
3395 94 35 £º£³£¾
4395 94 35 £º£³£¿
5395 94 35 £º£³£»
1396 95 35 £¡£º£³
2396 95 35 £¡£º£³£½
3396 95 35 £¡£º£³£¾
4396 95 35 £¡£º£³£¿
5396 95 35 £¡£º£³£»
1397 96 35 £¢£º£³
2397 96 35 £¢£º£³£½
3397 96 35 £¢£º£³£¾
4397 96 35 £¢£º£³£¿
5397 96 35 £¢£º£³£»
1398 97 35 £££º£³
2398 97 35 £££º£³£½
3398 97 35 £££º£³£¾
4398 97 35 £££º£³£¿
5398 97 35 £££º£³£»
1399 99 35 £{£º£³
2399 99 35 £{£º£³£½
3399 99 35 £{£º£³£¾
4399 99 35 £{£º£³£¿
5399 99 35 £{£º£³£»
1400 94 36 £º£´
2400 94 36 £º£´£½
3400 94 36 £º£´£¾
4400 94 36 £º£´£¿
5400 94 36 £º£´£»
1401 95 36 £¡£º£´
2401 95 36 £¡£º£´£½
3401 95 36 £¡£º£´£¾
4401 95 36 £¡£º£´£¿
5401 95 36 £¡£º£´£»
1402 96 36 £¢£º£´
2402 96 36 £¢£º£´£½
3402 96 36 £¢£º£´£¾
4402 96 36 £¢£º£´£¿
5402 96 36 £¢£º£´£»
1403 97 36 £££º£´
2403 97 36 £££º£´£½
3403 97 36 £££º£´£¾
4403 97 36 £££º£´£¿
5403 97 36 £££º£´£»
1404 94 37 £º£¶
2404 94 37 £º£¶£½
3404 94 37 £º£¶£¾
4404 94 37 £º£¶£¿
5404 94 37 £º£¶£»
1405 95 37 £¡£º£¶
2405 95 37 £¡£º£¶£½
3405 95 37 £¡£º£¶£¾
4405 95 37 £¡£º£¶£¿
5405 95 37 £¡£º£¶£»
1406 96 37 £¢£º£¶
2406 96 37 £¢£º£¶£½
3406 96 37 £¢£º£¶£¾
4406 96 37 £¢£º£¶£¿
5406 96 37 £¢£º£¶£»
1407 97 37 £££º£¶
2407 97 37 £££º£¶£½
3407 97 37 £££º£¶£¾
4407 97 37 £££º£¶£¿
5407 97 37 £££º£¶£»
1408 27 38 £·
2408 27 38 £·£½
3408 27 38 £·£¾
4408 27 38 £·£¿
5408 27 38 £·£»
1409 64 3 £¸£¬
2409 64 3 £¸£¬£½
3409 64 3 £¸£¬£¾
4409 64 3 £¸£¬£¿
5409 64 3 £¸£¬£»
1410 44 4 £v£­
2410 44 4 £v£­£½
3410 44 4 £v£­£¾
4410 44 4 £v£­£¿
5410 44 4 £v£­£»
1411 41 3 £{£¬
2411 41 3 £{£¬£½
3411 41 3 £{£¬£¾
4411 41 3 £{£¬£¿
5411 41 3 £{£¬£»
